version https://git-lfs.github.com/spec/v1
oid sha256:fc8a7fbac4624c442259142135f237ed97f63b4494c281312a7a99c53bcf3793
size 13788
